Exercise 4 - Hierarchical Clustering (UPGMA)
======================================================================

Submission URL:
https://cpg3.der.usal.es/eval/test?session=5&exercise=4&response={51:[51],446:[33, 34, 36, 37, 39, 63],447:[127, 128, 129, 130, 131, 132, 133, 134, 135, 136, 137, 138, 139, 140, 141, 142, 143, 144, 145, 146, 147, 148, 149, 150, 151, 152, 153, 154, 155, 156, 157, 158, 159, 160, 161, 162, 163, 164, 165, 166, 167, 168, 169, 170, 171, 172, 173, 174, 175, 176, 177, 178, 179, 180, 181, 182, 183, 184, 185, 186, 187, 188, 189, 190, 191, 192, 193, 194, 195, 196, 197, 198, 199, 200, 201, 202, 203, 204, 205, 206, 207, 208, 209, 210, 211, 212, 213, 214, 215, 216, 217, 218, 219, 220, 221, 222, 223, 224, 225, 226, 227, 228],448:[1, 2, 3, 4, 5, 6, 7, 8, 9, 10, 11, 14, 15, 16, 17, 18, 19, 20, 21, 22, 23, 24, 25, 26, 27, 28, 30, 31, 32, 35, 93, 121, 122, 123],450:[71, 95, 109, 110, 111, 112, 113, 118, 119, 124],451:[0, 12, 13, 29, 38, 40, 41, 42, 43, 44, 45, 46, 47, 48, 49, 50, 52, 53, 54, 55, 56, 57, 58, 59, 60, 61, 62, 64, 65, 66, 67, 68, 69, 70, 72, 73, 74, 75, 76, 77, 78, 79, 80, 81, 82, 83, 84, 85, 86, 87, 88, 89, 90, 91, 92, 94, 96, 97, 98, 99, 100, 101, 102, 103, 104, 105, 106, 107, 108, 114, 115, 116, 117, 120, 125, 126]}&id=Z2256773H

Clusters (k=6):
  Cluster 51: 1 genes
  Cluster 446: 6 genes
  Cluster 447: 102 genes
  Cluster 448: 34 genes
  Cluster 450: 10 genes
  Cluster 451: 76 genes
