Exercise 1 - Farthest First Clustering
======================================================================

Submission URL:
https://cpg3.der.usal.es/eval/test?session=5&exercise=1&response=[[-0.23, -0.09, -0.27, 0.2, 0.56, 1.52, 2.64],[0.08, -0.27, -0.15, -1.18, -1.6, -2.94, -3.06],[-0.12, 0.2, 0.97, 1.56, 1.36, 4.32, 3.47]]&id=Z2256773H

Centroids:
Centroid 1: [-0.23, -0.09, -0.27, 0.2, 0.56, 1.52, 2.64]
Centroid 2: [0.08, -0.27, -0.15, -1.18, -1.6, -2.94, -3.06]
Centroid 3: [-0.12, 0.2, 0.97, 1.56, 1.36, 4.32, 3.47]
